41
485
340
526
188
739
489
387
988
488
710
173
304
843
970
491
997
953
831
441
423
618
905
153
292
394
438
734
737
914
452
747
785
549
870
931
692
325
52
903
731
834
353
363
690
668
156
718
281
874
572
671
694
789
57
871
731
750
556
778
328
38
212
843
288
136
49
950
283
670
473
828
905
735
394
365
21
132
417
551
648
635
108
973
774
851
970
383
944
334
960
471
650
334
542
559
134
84
951
557
837
146
643
687
726
939
990
308
704
408
26
773
950
91
276
834
803
588
102
528
10
303
170
654
377
791
678
589
35
64
377
151
957
745
979
433
138
221
25
348
472
299
780
393
959
917
241
767
245
606
428
970
533
43
429
197
900
623
780
656
427
365
651
557
569
489
622
45
605
374
301
866
383
31
600
45
375
222
687
508
289
738
53
1
444
965
906
791
145
467
731
907
672
505
824
423
324
623
835
523
323
623
953
468
620
254
535
587
820
333
230
19
849
641
4
734
198
505
96
357
553
588
343
512
455
225
471
624
600
815
812
296
608
818
37
184
492
645
556
304
44
203
208
686
965
197
834
910
175
522
218
636
296
75
348
668
388
890
893
461
898
162
867
417
902
30
332
669
31
704
560
504
919
413
80
722
602
512
24
895
878
702
414
798
270
439
7
595
206
295
115
457
645
780
841
962
173
156
746
206
995
360
370
720
446
565
437
565
448
521
175
78
739
756
155
435
295
22
703
541
571
454
885
961
193
218
300
436
314
121
512
298
467
759
132
712
347
691
791
275
317
379
216
73
912
818
833
965
317
783
349
577
669
10
481
148
219
242
136
163
540
470
184
476
56
680
318
465
270
44
180
539
749
669
199
321
478
50
170
32
805
914
975
398
212
628
503
418
323
849
363
899
396
179
844
98
494
325
525
185
790
302
764
670
209
998
105
488
242
634
806
103
557
627
544
925
34
2
74
195
34
459
522
620
747
44
500
142
239
317
77
907
206
368
435
5
284
199
235
863
730
785
914
671
292
562
140
707
697
645
47
127
602
715
680
328
388
488
682
615
874
509
19
492
140
175
802
105
91
927
19
761
202
335
585
257
55
780
171
114
889
103
594
490
606
488
627
652
634
959
448
548
908
976
123
620
740
274
205
557
